2190
2195
1261
730
2226
1042
1158
1297
1678
2058
1962
905
1338
1485
612
942
1596
640
1946
1524
723
677
997
1862
2199
1744
2028
1456
1782
713
623
2174
2136
2110
1766
1385
1384
2117
759
1257
1429
734
2395
763
560
2301
1823
1776
624
727
1287
2224
1808
1656
871
1496
713
2296
2008
2553
707
1832
1208
1968
1900
1324
1030
2383
1168
2524
2378
866
1703
1311
1660
826
877
1061
1733
1008
2567
1700
2419
840
1106
1927
1759
1123
1234
639
2443
2408
2012
1021
1706
1678
1808
772
814
612
1047
1912
2404
2008
2248
854
1821
1830
845
778
1402
2214
1857
1694
2157
1964
2279
1549
586
1235
1212
941
2138
2273
890
2087
1634
1158
2085
1014
2392
1404
2245
995
1898
2515
1024
2357
2292
1142
861
2175
622
796
975
1632
708
908
2122
1799
1790
2282
1714
1383
2379
1665
892
2396
1783
2185
1234
2128
2548
1652
932
1538
1836
1943
1579
2365
916
1854
2010
1640
2211
1398
979
752
984
1292
620
948
1398
682
1214
2059
1997
1370
706
990
2529
2086
2376
2544
1057
1834
886
1575
1452
718
754
731
1923
1568
2552
2146
1537
1754
836
1562
1166
1813
803
2272
527
2154
1705
797
1370
1778
1775
1759
2051
1042
877
984
2453
2282
1957
831
1994
2200
1412
2364
2541
2263
1077
2390
1058
1568
2272
1712
1177
1004
2588
1793
816
2330
762
1457
2013
1380
1475
2512
2382
1627
1318
731
2080
1027
1870
537
2464
1704
710
848
2062
781
2382
2101
886
1222
2485
1234
2345
1422
2084
2006
2217
1331
846
1415
2602
1278
833
1028
1376
1656
686
1132
956
1661
2396
1968
1775
2073
1419
753
1349
2544
596
703
1678
1326
1027
1268
2024
1646
1912
2160
2214
1503
644
1074
1832
1668
1721
2360
2412
1427
1659
754
1028
1869
2120
2266
1026
1108
1812
977
1787
802
1833
2207
2368
1772
2313
1604
1810
1251
1911
1616
682
1005
2411
686
1518
1609
1959
2308
1507
783
808
805
1328
1806
861
831
1552
2238
2300
2184
1618
1568
1252
2596
1514
2368
1494
1260
1568
1772
964
2418
675
2107
1132
2518
1278
1727
1362
1007
2090
814
2083
1054
808
1300
2112
1034
2134
2256
1908
791
1353
704
1834
2077
831
2510
704
2392
1704
1830
1274
2176
2231
1835
2117
2276
1827
1470
1162
2367
1524
1726
1604
1633
1618
1291
1630
920
1969
1610
1598
1348
1858
774
770
842
1940
1635
874
2264
1638
2272
1408
944
972
2284
1270
805
1672
1327
954
2439
1355
983
1022
1466
2276
1683
2681
1966
1170
1124
1576
1500
1724
1860
1560
1899
1304
1291
2583
1880
718
1260
1472
951
1584
1679
1752
954
2440
1991
1236
1789
2508
817
2238
1214
1392
2178
2480
1585
2039
1978
827
2312
1925
2029
2022
1448
1086
1400
748
2048
679
588
1406
1748
1957
2189
2143
892
704
1907
758
1549
1643
762
2220
1680
1716
920
762
2593
2249
2316
1136
1522
1482
2622
1968
1505
2004
2334
2414
2006
1360
2356
1807
944
584
1366
2222
942
1461
896
2459
2373
1668
1296
1590
709
1635
2560
1072
2480
2012
1655
2257
2284
1703
823
2383
1012
654
2080
958
1990
1158
1054
1229
2145
1144
2720
1002
1776
684
2481
1864
846
2489
1838
2348
1525
1265
2348
984
651
1948
1313
2397
912
956
2145
2412
2244
2180
2541
2319
2226
2731
1776
1617
1140
2397
2142
1472
946
1462
1118
1017
2062
2065
1396
2205
2188
880
2429
751
2553
2228
1994
2382
1786
2570
2273
1172
951
1528
1411
1887
1868
2384
1753
1228
1379
2048
2073
1934
1453
642
1826
1007
2501
1169
1431
1896
1980
2574
1545
758
1834
610
1050
1617
1025
756
2247
2426
1178
926
1906
1362
760
2162
1546
1038
1027
707
2352
1404
2022
2350
2200
1259
2452
2106
672
1396
864
635
2043
2146
2080
2022
1312
1323
1940
1072
919
1177
756
1674
1951
1778
2386
1278
1546
980
1755
1560
1904
1678
870
1779
976
1592
1023
2020
1066
773
752
2069
2326
685
644
1567
951
1682
2072
2493
982
1286
2428
1066
1884
721
1568
1079
1629
2300
1325
1684
903
2447
2438
2545
2208
1204
2113
1707
1596
2340
2600
624
1672
1088
1652
1330
1486
2371
1934
598
2480
2612
1427
2066
674
1034
669
837
593
1700
1158
1358
1738
986
2671
2052
2333
1720
1675
2200
965
697
1896
2028
758
900
2260
1007
2133
2170
1635
2312
1614
2086
1221
2056
1864
682
802
648
2611
1130
1745
1947
2126
1211
1047
1442
1969
928
1662
2392
1379
1014
2360
863
1682
2063
1306
1668
1549
1398
1711
1440
1137
1741
2166
665
1974
1995
2429
997
1554
882
2342
1275
2407
2458
2497
862
1157
1574
2409
1918
1484
724
888
2609
2465
1688
850
2023
2562
1226
2190
2124
914
835
2412
2444
1677
875
1244
2083
946
772
1666
1492
966
683
1401
1259
1019
2054
1996
2558
784
1178
2074
1269
1050
1338
2428
1558
951
1388
822
1005
1369
943
1068
2126
1286
1966
718
1444
1415
850
1834
682
963
1722
2244
2328
917
1148
1978
2054
1812
1388
1742
1737
1147
1533
2179
524
1688
2432
1491
1019
2396
2112
1168
1852
680
1447
2114
1064
670
1402
2196
2130
2480
704
2074
650
2086
798
678
2074
2194
2157
1898
1691
666
2588
2466
702
1862
1940
1912
931
1397
1098
938
2512
1064
1510
2373
1051
2288
1472
1746
1221
1702
2528
2276
1290
1368
1794
2212
2365
1887
2379
1968
2535
2585
976
2228
2434
696
1002
2124
1721
2418
2278
586
2309
2451
1197
776
2311
758
1344
1050
1020
1928
1036
1168
1819
2292
1974
2324
602
2386
1981
1834
1899
627
1830
841
1618
2517